# transform file /home/HCResult/sub2/mri/transforms/cc_up.lta
# created by root on Sat Dec  7 20:17:37 2024

type      = 0 # LINEAR_VOX_TO_VOX
nxforms   = 1
mean      = 127.0000 95.0000 116.0000
sigma     = 10000.0000
1 4 4
9.973847270011902e-01 7.120240479707718e-02 1.240565627813339e-02 -6.979732036590576e+00 
-7.119689881801605e-02 9.974618554115295e-01 -8.855602354742587e-04 7.032208251953125e+01 
-1.243722438812256e-02 0.000000000000000e+00 9.999226331710815e-01 1.959024429321289e+01 
0.000000000000000e+00 0.000000000000000e+00 0.000000000000000e+00 1.000000000000000e+00 
src volume info
valid = 1  # volume info valid
filename = /home/HCResult/sub2/mri/norm.mgz
volume = 256 256 256
voxelsize = 1.000000000000000e+00 1.000000000000000e+00 1.000000000000000e+00
xras   = -1.000000000000000e+00 0.000000000000000e+00 0.000000000000000e+00
yras   = 0.000000000000000e+00 0.000000000000000e+00 -1.000000000000000e+00
zras   = 0.000000000000000e+00 1.000000000000000e+00 0.000000000000000e+00
cras   = -5.923728942871094e+00 6.947457885742188e+01 -1.052542114257812e+01
dst volume info
valid = 1  # volume info valid
filename = /home/HCResult/sub2/mri/norm.mgz
volume = 256 256 256
voxelsize = 1.000000000000000e+00 1.000000000000000e+00 1.000000000000000e+00
xras   = -1.000000000000000e+00 0.000000000000000e+00 0.000000000000000e+00
yras   = 0.000000000000000e+00 0.000000000000000e+00 -1.000000000000000e+00
zras   = 0.000000000000000e+00 1.000000000000000e+00 0.000000000000000e+00
cras   = -5.923728942871094e+00 6.947457885742188e+01 -1.052542114257812e+01
