# transform file transforms/talairach.lta
# created by root on Sat Dec  7 18:28:03 2024

type      = 0 # LINEAR_VOX_TO_VOX
nxforms   = 1
mean      = 127.0000 95.0000 116.0000
sigma     = 10000.0000
1 4 4
9.936496019363403e-01 6.735949218273163e-02 6.541672162711620e-03 -7.235801696777344e+00 
-5.786299705505371e-02 9.101895689964294e-01 1.740377545356750e-01 2.221935272216797e+01 
7.779880892485380e-03 -1.728867888450623e-01 9.147345423698425e-01 2.352313041687012e+01 
0.000000000000000e+00 0.000000000000000e+00 0.000000000000000e+00 1.000000000000000e+00 
src volume info
valid = 1  # volume info valid
filename = nu.mgz
volume = 256 256 256
voxelsize = 1.000000000000000e+00 1.000000000000000e+00 1.000000000000000e+00
xras   = -1.000000000000000e+00 0.000000000000000e+00 0.000000000000000e+00
yras   = 0.000000000000000e+00 0.000000000000000e+00 -1.000000000000000e+00
zras   = 0.000000000000000e+00 1.000000000000000e+00 0.000000000000000e+00
cras   = -5.923728942871094e+00 6.947457885742188e+01 -1.052542114257812e+01
dst volume info
valid = 1  # volume info valid
filename = /usr/local/freesurfer/7.4.1/average/RB_all_2020-01-02.gca
volume = 256 256 256
voxelsize = 1.000000000000000e+00 1.000000000000000e+00 1.000000000000000e+00
xras   = -1.000000000000000e+00 0.000000000000000e+00 0.000000000000000e+00
yras   = 0.000000000000000e+00 0.000000000000000e+00 -1.000000000000000e+00
zras   = 0.000000000000000e+00 1.000000000000000e+00 0.000000000000000e+00
cras   = 0.000000000000000e+00 0.000000000000000e+00 0.000000000000000e+00
