# transform file /home/PAResult/sub1/mri/transforms/cc_up.lta
# created by root on Sun Dec  8 00:07:22 2024

type      = 0 # LINEAR_VOX_TO_VOX
nxforms   = 1
mean      = 128.0000 129.0000 126.0000
sigma     = 10000.0000
1 4 4
9.994832873344421e-01 -3.136496990919113e-02 -7.031256332993507e-03 4.956741333007812e+00 
3.136419132351875e-02 9.995080232620239e-01 -2.206436620326713e-04 1.708618736267090e+01 
7.034717593342066e-03 -1.455191522836685e-11 9.999752640724182e-01 2.107262372970581e+00 
0.000000000000000e+00 0.000000000000000e+00 0.000000000000000e+00 1.000000000000000e+00 
src volume info
valid = 1  # volume info valid
filename = /home/PAResult/sub1/mri/norm.mgz
volume = 256 256 256
voxelsize = 1.000000000000000e+00 1.000000000000000e+00 1.000000000000000e+00
xras   = -1.000000000000000e+00 0.000000000000000e+00 0.000000000000000e+00
yras   = 0.000000000000000e+00 0.000000000000000e+00 -1.000000000000000e+00
zras   = 0.000000000000000e+00 1.000000000000000e+00 0.000000000000000e+00
cras   = 1.587898254394531e+00 1.950000000000000e+01 -6.000061035156250e-01
dst volume info
valid = 1  # volume info valid
filename = /home/PAResult/sub1/mri/norm.mgz
volume = 256 256 256
voxelsize = 1.000000000000000e+00 1.000000000000000e+00 1.000000000000000e+00
xras   = -1.000000000000000e+00 0.000000000000000e+00 0.000000000000000e+00
yras   = 0.000000000000000e+00 0.000000000000000e+00 -1.000000000000000e+00
zras   = 0.000000000000000e+00 1.000000000000000e+00 0.000000000000000e+00
cras   = 1.587898254394531e+00 1.950000000000000e+01 -6.000061035156250e-01
