# transform file transforms/talairach_with_skull.lta
# created by root on Sat Dec  7 22:19:42 2024

type      = 0 # LINEAR_VOX_TO_VOX
nxforms   = 1
mean      = 129.0000 147.0000 133.0000
sigma     = 10000.0000
1 4 4
1.119084239006042e+00 -5.094418674707413e-02 2.815102972090244e-02 -1.434366416931152e+01 
3.152872622013092e-02 1.291807055473328e+00 1.554469317197800e-01 -5.761305236816406e+01 
-3.324725106358528e-02 -7.557899504899979e-02 1.083296418190002e+00 -8.849461555480957e+00 
0.000000000000000e+00 0.000000000000000e+00 0.000000000000000e+00 1.000000000000000e+00 
src volume info
valid = 1  # volume info valid
filename = nu.mgz
volume = 256 256 256
voxelsize = 1.000000000000000e+00 1.000000000000000e+00 1.000000000000000e+00
xras   = -1.000000000000000e+00 0.000000000000000e+00 0.000000000000000e+00
yras   = 0.000000000000000e+00 0.000000000000000e+00 -1.000000000000000e+00
zras   = 0.000000000000000e+00 1.000000000000000e+00 0.000000000000000e+00
cras   = 1.587898254394531e+00 1.950000000000000e+01 -6.000061035156250e-01
dst volume info
valid = 1  # volume info valid
filename = /usr/local/freesurfer/7.4.1/average/RB_all_withskull_2020_01_02.gca
volume = 256 256 256
voxelsize = 1.000000000000000e+00 1.000000000000000e+00 1.000000000000000e+00
xras   = -1.000000000000000e+00 0.000000000000000e+00 0.000000000000000e+00
yras   = 0.000000000000000e+00 0.000000000000000e+00 -1.000000000000000e+00
zras   = 0.000000000000000e+00 1.000000000000000e+00 0.000000000000000e+00
cras   = 0.000000000000000e+00 0.000000000000000e+00 0.000000000000000e+00
