# transform file /home/HCResult/sub1/mri/transforms/cc_up.lta
# created by root on Sat Dec  7 16:40:45 2024

type      = 0 # LINEAR_VOX_TO_VOX
nxforms   = 1
mean      = 129.0000 96.0000 104.0000
sigma     = 10000.0000
1 4 4
9.998952150344849e-01 -2.469108439981937e-03 1.426642853766680e-02 -7.808895707130432e-01 
2.468857215717435e-03 9.999970197677612e-01 3.522546830936335e-05 5.068179321289062e+01 
-1.426647137850523e-02 0.000000000000000e+00 9.998982548713684e-01 4.083109283447266e+01 
0.000000000000000e+00 0.000000000000000e+00 0.000000000000000e+00 1.000000000000000e+00 
src volume info
valid = 1  # volume info valid
filename = /home/HCResult/sub1/mri/norm.mgz
volume = 256 256 256
voxelsize = 1.000000000000000e+00 1.000000000000000e+00 1.000000000000000e+00
xras   = -1.000000000000000e+00 0.000000000000000e+00 0.000000000000000e+00
yras   = 0.000000000000000e+00 0.000000000000000e+00 -1.000000000000000e+00
zras   = 0.000000000000000e+00 1.000000000000000e+00 0.000000000000000e+00
cras   = 8.559265136718750e-01 7.218643188476562e+01 -2.069491577148438e+01
dst volume info
valid = 1  # volume info valid
filename = /home/HCResult/sub1/mri/norm.mgz
volume = 256 256 256
voxelsize = 1.000000000000000e+00 1.000000000000000e+00 1.000000000000000e+00
xras   = -1.000000000000000e+00 0.000000000000000e+00 0.000000000000000e+00
yras   = 0.000000000000000e+00 0.000000000000000e+00 -1.000000000000000e+00
zras   = 0.000000000000000e+00 1.000000000000000e+00 0.000000000000000e+00
cras   = 8.559265136718750e-01 7.218643188476562e+01 -2.069491577148438e+01
